- name: sun
  mass: 1.98855e+30
  radius: 695700000
  gm: 1.32712440018e+20
